25
0 1 -1.8609053
1 0 -1.8609053
0 2 -4.065932
2 0 -4.065932
0 3 -9.292906
3 0 -9.292906
0 4 -3.5811474
4 0 -3.5811474
0 5 -3.0931191
5 0 -3.0931191
0 6 -27.966812
6 0 -27.966812
0 7 -32.14713
7 0 -32.14713
0 8 -44.921234
8 0 -44.921234
0 9 -47.96668
9 0 -47.96668
0 10 -17.665297
10 0 -17.665297
0 11 -15.627824
11 0 -15.627824
0 12 -6.4300694
12 0 -6.4300694
0 13 -36.11068
13 0 -36.11068
0 14 -21.062134
14 0 -21.062134
0 15 -32.09414
15 0 -32.09414
0 16 -46.60608
16 0 -46.60608
0 17 -65.05264
17 0 -65.05264
0 18 -64.292305
18 0 -64.292305
0 19 -42.983044
19 0 -42.983044
0 20 -22.071383
20 0 -22.071383
0 21 -11.61872
21 0 -11.61872
0 22 -35.921272
22 0 -35.921272
0 23 -51.2556
23 0 -51.2556
0 24 -19.75412
24 0 -19.75412
1 2 -1.8391969
2 1 -1.8391969
1 3 -8.38716
3 1 -8.38716
1 4 -8.611763
4 1 -8.611763
1 5 -4.909308
5 1 -4.909308
1 6 -15.437656
6 1 -15.437656
1 7 -19.37603
7 1 -19.37603
1 8 -28.647167
8 1 -28.647167
1 9 -31.421484
9 1 -31.421484
1 10 -9.245236
10 1 -9.245236
1 11 -6.7207146
11 1 -6.7207146
1 12 -1.9804658
12 1 -1.9804658
1 13 -22.46711
13 1 -22.46711
1 14 -10.440407
14 1 -10.440407
1 15 -22.387802
15 1 -22.387802
1 16 -38.132088
16 1 -38.132088
1 17 -52.073784
17 1 -52.073784
1 18 -49.38164
18 1 -49.38164
1 19 -31.871601
19 1 -31.871601
1 20 -16.521122
20 1 -16.521122
1 21 -6.79456
21 1 -6.79456
1 22 -24.39261
22 1 -24.39261
1 23 -36.227757
23 1 -36.227757
1 24 -10.369427
24 1 -10.369427
2 3 -2.5609589
3 2 -2.5609589
2 4 -7.096552
4 2 -7.096552
2 5 -2.363255
5 2 -2.363255
2 6 -17.266026
6 2 -17.266026
2 7 -25.108532
7 2 -25.108532
2 8 -31.38961
8 2 -31.38961
2 9 -27.589806
9 2 -27.589806
2 10 -5.4152317
10 2 -5.4152317
2 11 -8.475108
11 2 -8.475108
2 12 -6.370384
12 2 -6.370384
2 13 -17.875618
13 2 -17.875618
2 14 -10.447948
14 2 -10.447948
2 15 -13.31414
15 2 -13.31414
2 16 -23.991968
16 2 -23.991968
2 17 -36.74601
17 2 -36.74601
2 18 -36.043003
18 2 -36.043003
2 19 -20.61822
19 2 -20.61822
2 20 -7.651995
20 2 -7.651995
2 21 -1.9468746
21 2 -1.9468746
2 22 -15.995796
22 2 -15.995796
2 23 -27.064812
23 2 -27.064812
2 24 -15.956821
24 2 -15.956821
3 4 -6.641567
4 3 -6.641567
3 5 -2.2411766
5 3 -2.2411766
3 6 -28.773453
6 3 -28.773453
3 7 -41.141342
7 3 -41.141342
3 8 -45.67539
8 3 -45.67539
3 9 -34.571568
9 3 -34.571568
3 10 -8.612347
10 3 -8.612347
3 11 -18.21095
11 3 -18.21095
3 12 -17.007698
12 3 -17.007698
3 13 -22.646368
13 3 -22.646368
3 14 -19.008478
14 3 -19.008478
3 15 -11.184072
15 3 -11.184072
3 16 -15.561256
16 3 -15.561256
3 17 -29.072334
17 3 -29.072334
3 18 -31.517822
18 3 -31.517822
3 19 -16.679356
19 3 -16.679356
3 20 -3.8162556
20 3 -3.8162556
3 21 -2.3179708
21 3 -2.3179708
3 22 -15.479984
22 3 -15.479984
3 23 -27.313808
23 3 -27.313808
3 24 -30.24747
24 3 -30.24747
4 5 -1.4582598
5 4 -1.4582598
4 6 -44.952106
6 4 -44.952106
4 7 -53.686264
7 4 -53.686264
4 8 -66.51513
8 4 -66.51513
4 9 -62.54412
9 4 -62.54412
4 10 -24.44073
10 4 -24.44073
4 11 -29.052404
11 4 -29.052404
4 12 -18.49065
12 4 -18.49065
4 13 -47.0602
13 4 -47.0602
4 14 -34.199944
14 4 -34.199944
4 15 -34.3008
15 4 -34.3008
4 16 -42.021088
16 4 -42.021088
4 17 -63.47976
17 4 -63.47976
4 18 -66.77663
18 4 -66.77663
4 19 -44.126534
19 4 -44.126534
4 20 -20.512707
20 4 -20.512707
4 21 -13.813973
21 4 -13.813973
4 22 -40.627403
22 4 -40.627403
4 23 -58.474533
23 4 -58.474533
4 24 -37.88014
24 4 -37.88014
5 6 -32.23945
6 5 -32.23945
5 7 -41.53557
7 5 -41.53557
5 8 -50.819756
8 5 -50.819756
5 9 -45.32953
9 5 -45.32953
5 10 -14.08718
10 5 -14.08718
5 11 -19.383621
11 5 -19.383621
5 12 -13.102968
12 5 -13.102968
5 13 -32.14656
13 5 -32.14656
5 14 -22.740526
14 5 -22.740526
5 15 -21.831993
15 5 -21.831993
5 16 -29.59848
16 5 -29.59848
5 17 -47.020233
17 5 -47.020233
5 18 -49.076313
18 5 -49.076313
5 19 -30.04348
19 5 -30.04348
5 20 -11.593355
20 5 -11.593355
5 21 -6.296997
21 5 -6.296997
5 22 -26.7527
22 5 -26.7527
5 23 -41.494823
23 5 -41.494823
5 24 -28.560377
24 5 -28.560377
6 7 -2.125746
7 6 -2.125746
6 8 -2.1097422
8 6 -2.1097422
6 9 -5.97237
9 6 -5.97237
6 10 -7.3132005
10 6 -7.3132005
6 11 -1.7878602
11 6 -1.7878602
6 12 -9.198599
12 6 -9.198599
6 13 -5.632986
13 6 -5.632986
6 14 -1.0424379
14 6 -1.0424379
6 15 -18.226751
15 6 -18.226751
6 16 -38.981457
16 6 -38.981457
6 17 -40.2226
17 6 -40.2226
6 18 -31.37225
18 6 -31.37225
6 19 -24.264603
19 6 -24.264603
6 20 -24.331211
20 6 -24.331211
6 21 -15.560516
21 6 -15.560516
6 22 -14.764141
22 6 -14.764141
6 23 -16.689445
23 6 -16.689445
6 24 -2.9621515
24 6 -2.9621515
7 8 -2.609383
8 7 -2.609383
7 9 -13.515016
9 7 -13.515016
7 10 -16.243467
10 7 -16.243467
7 11 -4.6127605
11 7 -4.6127605
7 12 -9.943664
12 7 -9.943664
7 13 -14.491182
13 7 -14.491182
7 14 -5.457896
14 7 -5.457896
7 15 -32.59169
15 7 -32.59169
7 16 -59.020668
16 7 -59.020668
7 17 -60.77221
17 7 -60.77221
7 18 -49.446476
18 7 -49.446476
7 19 -40.739815
19 7 -40.739815
7 20 -39.186287
20 7 -39.186287
7 21 -26.203136
21 7 -26.203136
7 22 -28.087563
22 7 -28.087563
7 23 -30.240662
23 7 -30.240662
7 24 -1.5719697
24 7 -1.5719697
8 9 -5.8945866
9 8 -5.8945866
8 10 -15.691518
10 8 -15.691518
8 11 -7.6934905
11 8 -7.6934905
8 12 -18.815897
12 8 -18.815897
8 13 -8.842688
13 8 -8.842688
8 14 -5.7783933
14 8 -5.7783933
8 15 -27.112122
15 8 -27.112122
8 16 -50.93289
16 8 -50.93289
8 17 -47.903427
17 8 -47.903427
8 18 -36.342236
18 8 -36.342236
8 19 -32.454803
19 8 -32.454803
8 20 -37.470253
20 8 -37.470253
8 21 -28.039703
21 8 -28.039703
8 22 -21.514568
22 8 -21.514568
8 23 -20.06758
23 8 -20.06758
8 24 -7.021455
24 8 -7.021455
9 10 -8.956238
10 9 -8.956238
9 11 -11.047038
11 9 -11.047038
9 12 -26.44408
12 9 -26.44408
9 13 -1.2809993
13 9 -1.2809993
9 14 -6.169924
14 9 -6.169924
9 15 -11.084657
15 9 -11.084657
9 16 -25.670252
16 9 -25.670252
9 17 -20.973675
17 9 -20.973675
9 18 -13.18866
18 9 -13.18866
9 19 -12.655092
19 9 -12.655092
9 20 -21.37889
20 9 -21.37889
9 21 -19.101694
21 9 -19.101694
9 22 -6.892998
22 9 -6.892998
9 23 -4.432212
23 9 -4.432212
9 24 -17.314613
24 9 -17.314613
10 11 -4.386442
11 10 -4.386442
10 12 -10.533034
12 10 -10.533034
10 13 -3.6740158
13 10 -3.6740158
10 14 -2.9071927
14 10 -2.9071927
10 15 -3.8168435
15 10 -3.8168435
10 16 -14.577044
16 10 -14.577044
10 17 -19.552103
17 10 -19.552103
10 18 -16.461227
18 10 -16.461227
10 19 -8.008088
19 10 -8.008088
10 20 -4.9932656
20 10 -4.9932656
10 21 -1.9951931
21 10 -1.9951931
10 22 -3.7908165
22 10 -3.7908165
10 23 -8.876781
23 10 -8.876781
10 24 -12.545586
24 10 -12.545586
11 12 -3.3321233
12 11 -3.3321233
11 13 -7.760444
13 11 -7.760444
11 14 -0.7369105
14 11 -0.7369105
11 15 -15.947689
15 11 -15.947689
11 16 -34.89068
16 11 -34.89068
11 17 -40.427998
17 11 -40.427998
11 18 -33.714912
18 11 -33.714912
11 19 -23.111973
19 11 -23.111973
11 20 -17.9834
20 11 -17.9834
11 21 -8.972383
21 11 -8.972383
11 22 -14.359606
22 11 -14.359606
11 23 -19.640463
23 11 -19.640463
11 24 -2.0971122
24 11 -2.0971122
12 13 -20.312733
13 12 -20.312733
12 14 -7.074737
14 12 -7.074737
12 15 -26.7219
15 12 -26.7219
12 16 -47.31847
16 12 -47.31847
12 17 -58.700478
17 12 -58.700478
12 18 -52.986534
18 12 -52.986534
12 19 -36.80068
19 12 -36.80068
12 20 -23.903055
20 12 -23.903055
12 21 -11.639438
21 12 -11.639438
12 22 -26.799982
22 12 -26.799982
12 23 -36.526398
23 12 -36.526398
12 24 -3.6605632
24 12 -3.6605632
13 14 -3.767268
14 13 -3.767268
13 15 -5.3371053
15 13 -5.3371053
13 16 -17.473606
16 13 -17.473606
13 17 -16.075432
17 13 -16.075432
13 18 -10.421672
18 13 -10.421672
13 19 -7.4172616
19 13 -7.4172616
13 20 -12.332633
20 13 -12.332633
13 21 -10.622634
21 13 -10.622634
13 22 -2.8117585
22 13 -2.8117585
13 23 -2.9579067
23 13 -2.9579067
13 24 -15.513524
24 13 -15.513524
14 15 -11.658495
15 14 -11.658495
14 16 -28.921368
16 14 -28.921368
14 17 -32.060562
17 14 -32.060562
14 18 -25.401703
18 14 -25.401703
14 19 -17.290796
19 14 -17.290796
14 20 -15.520501
20 14 -15.520501
14 21 -8.555614
21 14 -8.555614
14 22 -9.601781
22 14 -9.601781
14 23 -13.087646
23 14 -13.087646
14 24 -4.2952347
24 14 -4.2952347
15 16 -3.8981159
16 15 -3.8981159
15 17 -6.2698236
17 15 -6.2698236
15 18 -5.5725875
18 15 -5.5725875
15 19 -0.8374024
19 15 -0.8374024
15 20 -2.3262143
20 15 -2.3262143
15 21 -5.128503
21 15 -5.128503
15 22 -0.54671234
22 15 -0.54671234
15 23 -3.8302286
23 15 -3.8302286
15 24 -29.392677
24 15 -29.392677
16 17 -2.8024838
17 16 -2.8024838
16 18 -5.8482695
18 16 -5.8482695
16 19 -2.293105
19 16 -2.293105
16 20 -4.5576935
20 16 -4.5576935
16 21 -12.745276
21 16 -12.745276
16 22 -6.2673016
22 16 -6.2673016
16 23 -10.108179
23 16 -10.108179
16 24 -54.01964
24 16 -54.01964
17 18 -1.153134
18 17 -1.153134
17 19 -2.5465767
19 17 -2.5465767
17 20 -11.918171
20 17 -11.918171
17 21 -21.792397
21 17 -21.792397
17 22 -6.608321
22 17 -6.608321
17 23 -6.127471
23 17 -6.127471
17 24 -59.772324
24 17 -59.772324
18 19 -2.3413665
19 18 -2.3413665
18 20 -13.50018
20 18 -13.50018
18 21 -21.388233
21 18 -21.388233
18 22 -4.4531364
22 18 -4.4531364
18 23 -2.4085865
23 18 -2.4085865
18 24 -50.490246
24 18 -50.490246
19 20 -4.6183453
20 19 -4.6183453
19 21 -9.908794
21 19 -9.908794
19 22 -1.1758997
22 19 -1.1758997
19 23 -2.9017217
23 19 -2.9017217
19 24 -38.551376
24 19 -38.551376
20 21 -2.2126715
21 20 -2.2126715
20 22 -4.9558167
22 20 -4.9558167
20 23 -12.123164
23 20 -12.123164
20 24 -32.178978
24 20 -32.178978
21 22 -7.185366
22 21 -7.185366
21 23 -15.493216
23 21 -15.493216
21 24 -19.053497
24 21 -19.053497
22 23 -1.6694064
23 22 -1.6694064
22 24 -26.658968
24 22 -26.658968
23 24 -31.940504
24 23 -31.940504